    0.73779E-04    0.87714E+02
    0.10297E-03    0.12082E+03
    0.14370E-03    0.16641E+03
    0.20055E-03    0.22916E+03
    0.27989E-03    0.31544E+03
    0.39062E-03    0.43388E+03
    0.54516E-03    0.59598E+03
    0.76083E-03    0.81661E+03
    0.10618E-02    0.11144E+04
    0.14819E-02    0.15110E+04
    0.20681E-02    0.20294E+04
    0.28863E-02    0.26881E+04
    0.40282E-02    0.34908E+04
    0.41647E-02    0.35784E+04
    0.43059E-02    0.36670E+04
    0.44518E-02    0.37568E+04
    0.46027E-02    0.38476E+04
    0.47587E-02    0.39394E+04
    0.49200E-02    0.40321E+04
    0.50868E-02    0.41257E+04
    0.52592E-02    0.42199E+04
    0.54375E-02    0.43148E+04
    0.56218E-02    0.44102E+04
    0.58124E-02    0.45060E+04
    0.60094E-02    0.46022E+04
    0.62130E-02    0.46985E+04
    0.64236E-02    0.47948E+04
    0.66414E-02    0.48911E+04
    0.68665E-02    0.49871E+04
    0.70992E-02    0.50827E+04
    0.73398E-02    0.51777E+04
    0.75886E-02    0.52719E+04
    0.78459E-02    0.53652E+04
    0.81118E-02    0.54573E+04
    0.83867E-02    0.55480E+04
    0.86710E-02    0.56371E+04
    0.89649E-02    0.57244E+04
    0.92688E-02    0.58096E+04
    0.95829E-02    0.58925E+04
    0.99078E-02    0.59728E+04
    0.10244E-01    0.60502E+04
    0.10591E-01    0.61245E+04
    0.10950E-01    0.61953E+04
    0.11321E-01    0.62623E+04
    0.11705E-01    0.63253E+04
    0.12101E-01    0.63839E+04
    0.12512E-01    0.64378E+04
    0.12936E-01    0.64867E+04
    0.13374E-01    0.65301E+04
    0.13827E-01    0.65679E+04
    0.14296E-01    0.65996E+04
    0.14781E-01    0.66250E+04
    0.15282E-01    0.66436E+04
    0.15800E-01    0.66552E+04
    0.16335E-01    0.66594E+04
    0.16889E-01    0.66561E+04
    0.17461E-01    0.66448E+04
    0.18053E-01    0.66254E+04
    0.18665E-01    0.65977E+04
    0.19298E-01    0.65614E+04
    0.19952E-01    0.65164E+04
    0.20628E-01    0.64627E+04
    0.21327E-01    0.64001E+04
    0.22050E-01    0.63288E+04
    0.22798E-01    0.62488E+04
    0.23570E-01    0.61603E+04
    0.24369E-01    0.60635E+04
    0.25195E-01    0.59587E+04
    0.26049E-01    0.58464E+04
    0.26932E-01    0.57271E+04
    0.27845E-01    0.56013E+04
    0.28789E-01    0.54698E+04
    0.29765E-01    0.53333E+04
    0.30773E-01    0.51928E+04
    0.31816E-01    0.50491E+04
    0.32895E-01    0.49033E+04
    0.34010E-01    0.47565E+04
    0.35163E-01    0.46098E+04
    0.36355E-01    0.44644E+04
    0.37587E-01    0.43201E+04
    0.38861E-01    0.41782E+04
    0.40178E-01    0.40407E+04
    0.41540E-01    0.39088E+04
    0.42948E-01    0.37835E+04
    0.44404E-01    0.36655E+04
    0.45909E-01    0.35552E+04
    0.47465E-01    0.34526E+04
    0.49073E-01    0.33574E+04
    0.50737E-01    0.32692E+04
    0.52457E-01    0.31871E+04
    0.54235E-01    0.31103E+04
    0.56073E-01    0.30380E+04
    0.57973E-01    0.29697E+04
    0.60706E-01    0.28838E+04
    0.63439E-01    0.27966E+04
    0.66171E-01    0.27081E+04
    0.68904E-01    0.26152E+04
    0.71636E-01    0.25160E+04
    0.74369E-01    0.24103E+04
    0.77101E-01    0.22991E+04
    0.79834E-01    0.21843E+04
    0.82566E-01    0.20685E+04
    0.85299E-01    0.19544E+04
    0.88032E-01    0.18445E+04
    0.90764E-01    0.17408E+04
    0.93497E-01    0.16452E+04
    0.96229E-01    0.15589E+04
    0.98962E-01    0.14828E+04
    0.10169E+00    0.14169E+04
    0.10443E+00    0.13610E+04
    0.10716E+00    0.13140E+04
    0.10989E+00    0.12747E+04
    0.11262E+00    0.12417E+04
    0.11536E+00    0.12134E+04
    0.11809E+00    0.11883E+04
    0.12082E+00    0.11649E+04
    0.12355E+00    0.11418E+04
    0.12629E+00    0.11177E+04
    0.12902E+00    0.10916E+04
    0.13175E+00    0.10628E+04
    0.13448E+00    0.10313E+04
    0.13722E+00    0.99729E+03
    0.13995E+00    0.96149E+03
    0.14268E+00    0.92472E+03
    0.14542E+00    0.88781E+03
    0.14815E+00    0.85155E+03
    0.15088E+00    0.81660E+03
    0.15361E+00    0.78350E+03
    0.15635E+00    0.75275E+03
    0.15908E+00    0.72474E+03
    0.16181E+00    0.69973E+03
    0.16454E+00    0.67783E+03
    0.16728E+00    0.65896E+03
    0.17001E+00    0.64281E+03
    0.17274E+00    0.62895E+03
    0.17547E+00    0.61687E+03
    0.17821E+00    0.60603E+03
    0.18094E+00    0.59592E+03
    0.18367E+00    0.58612E+03
    0.18640E+00    0.57626E+03
    0.18914E+00    0.56603E+03
    0.19187E+00    0.55521E+03
    0.19460E+00    0.54364E+03
    0.19733E+00    0.53126E+03
    0.20007E+00    0.51812E+03
    0.20280E+00    0.50435E+03
    0.20553E+00    0.49016E+03
    0.20826E+00    0.47581E+03
    0.21100E+00    0.46155E+03
    0.21373E+00    0.44764E+03
    0.21646E+00    0.43430E+03
    0.22512E+00    0.39747E+03
    0.23412E+00    0.36938E+03
    0.24349E+00    0.34848E+03
    0.25322E+00    0.32942E+03
    0.26335E+00    0.30778E+03
    0.27388E+00    0.28304E+03
    0.28484E+00    0.25868E+03
    0.29623E+00    0.23847E+03
    0.30808E+00    0.22253E+03
    0.32040E+00    0.20812E+03
    0.33321E+00    0.19263E+03
    0.34654E+00    0.17669E+03
    0.36040E+00    0.16253E+03
    0.37482E+00    0.15071E+03
    0.38981E+00    0.13978E+03
    0.40540E+00    0.12870E+03
    0.42161E+00    0.11823E+03
    0.43847E+00    0.10908E+03
    0.45601E+00    0.10072E+03
    0.47425E+00    0.92634E+02
    0.49321E+00    0.85138E+02
    0.51294E+00    0.78399E+02
    0.53345E+00    0.72102E+02
    0.55479E+00    0.66211E+02
    0.57698E+00    0.60841E+02
    0.60005E+00    0.55874E+02
    0.62405E+00    0.51265E+02
    0.64901E+00    0.47039E+02
    0.81052E+00    0.28649E+02
    0.10122E+01    0.17244E+02
    0.12641E+01    0.10270E+02
    0.15787E+01    0.60586E+01
    0.19715E+01    0.35434E+01
    0.24621E+01    0.20562E+01
    0.30748E+01    0.11847E+01
    0.38400E+01    0.67821E+00
    0.47956E+01    0.38596E+00
    0.59890E+01    0.21846E+00
    0.74793E+01    0.12304E+00
    0.93405E+01    0.68982E-01
    0.11665E+02    0.38511E-01
