    0.10000E-03    0.13898E+03
    0.10202E-03    0.14167E+03
    0.10408E-03    0.14441E+03
    0.10618E-03    0.14721E+03
    0.10833E-03    0.15006E+03
    0.11052E-03    0.15297E+03
    0.11275E-03    0.15593E+03
    0.11503E-03    0.15895E+03
    0.11735E-03    0.16203E+03
    0.11972E-03    0.16517E+03
    0.12214E-03    0.16837E+03
    0.12461E-03    0.17163E+03
    0.12712E-03    0.17496E+03
    0.12969E-03    0.17835E+03
    0.13231E-03    0.18180E+03
    0.13499E-03    0.18532E+03
    0.13771E-03    0.18891E+03
    0.14049E-03    0.19257E+03
    0.14333E-03    0.19630E+03
    0.14623E-03    0.20010E+03
    0.14918E-03    0.20397E+03
    0.15220E-03    0.20792E+03
    0.15527E-03    0.21195E+03
    0.15841E-03    0.21605E+03
    0.16161E-03    0.22024E+03
    0.16487E-03    0.22450E+03
    0.16820E-03    0.22884E+03
    0.17160E-03    0.23327E+03
    0.17507E-03    0.23779E+03
    0.17860E-03    0.24239E+03
    0.18221E-03    0.24708E+03
    0.18589E-03    0.25186E+03
    0.18965E-03    0.25674E+03
    0.19348E-03    0.26170E+03
    0.19739E-03    0.26677E+03
    0.20138E-03    0.27193E+03
    0.20544E-03    0.27719E+03
    0.20959E-03    0.28255E+03
    0.21383E-03    0.28801E+03
    0.21815E-03    0.29358E+03
    0.22255E-03    0.29926E+03
    0.22705E-03    0.30505E+03
    0.23164E-03    0.31094E+03
    0.23632E-03    0.31695E+03
    0.24109E-03    0.32308E+03
    0.24596E-03    0.32932E+03
    0.25093E-03    0.33569E+03
    0.25600E-03    0.34217E+03
    0.26117E-03    0.34878E+03
    0.26645E-03    0.35552E+03
    0.27183E-03    0.36239E+03
    0.27732E-03    0.36938E+03
    0.28292E-03    0.37652E+03
    0.28864E-03    0.38378E+03
    0.29447E-03    0.39119E+03
    0.30042E-03    0.39874E+03
    0.30649E-03    0.40643E+03
    0.31268E-03    0.41427E+03
    0.31899E-03    0.42226E+03
    0.32544E-03    0.43041E+03
    0.33201E-03    0.43870E+03
    0.33872E-03    0.44716E+03
    0.34556E-03    0.45578E+03
    0.35254E-03    0.46456E+03
    0.35966E-03    0.47350E+03
    0.36693E-03    0.48262E+03
    0.37434E-03    0.49191E+03
    0.38190E-03    0.50138E+03
    0.38962E-03    0.51103E+03
    0.39749E-03    0.52086E+03
    0.40552E-03    0.53087E+03
    0.41371E-03    0.54108E+03
    0.42207E-03    0.55147E+03
    0.43060E-03    0.56207E+03
    0.43929E-03    0.57286E+03
    0.44817E-03    0.58386E+03
    0.45722E-03    0.59506E+03
    0.46646E-03    0.60647E+03
    0.47588E-03    0.61810E+03
    0.48550E-03    0.62995E+03
    0.49530E-03    0.64202E+03
    0.50531E-03    0.65431E+03
    0.51552E-03    0.66683E+03
    0.52593E-03    0.67959E+03
    0.53656E-03    0.69259E+03
    0.54739E-03    0.70582E+03
    0.55845E-03    0.71931E+03
    0.56973E-03    0.73304E+03
    0.58124E-03    0.74703E+03
    0.59299E-03    0.76127E+03
    0.60496E-03    0.77578E+03
    0.61719E-03    0.79056E+03
    0.62965E-03    0.80560E+03
    0.64237E-03    0.82093E+03
    0.65535E-03    0.83653E+03
    0.66859E-03    0.85242E+03
    0.68210E-03    0.86860E+03
    0.69588E-03    0.88507E+03
    0.70993E-03    0.90185E+03
    0.72427E-03    0.91893E+03
    0.73891E-03    0.93631E+03
    0.75383E-03    0.95402E+03
    0.76906E-03    0.97204E+03
    0.78460E-03    0.99038E+03
    0.80045E-03    0.10091E+04
    0.81662E-03    0.10281E+04
    0.83311E-03    0.10474E+04
    0.84994E-03    0.10671E+04
    0.86711E-03    0.10871E+04
    0.88463E-03    0.11075E+04
    0.90250E-03    0.11283E+04
    0.92073E-03    0.11494E+04
    0.93933E-03    0.11709E+04
    0.95831E-03    0.11928E+04
    0.97767E-03    0.12150E+04
    0.99742E-03    0.12377E+04
    0.10176E-02    0.12607E+04
    0.10381E-02    0.12841E+04
    0.10591E-02    0.13079E+04
    0.10805E-02    0.13322E+04
    0.11023E-02    0.13568E+04
    0.11246E-02    0.13819E+04
    0.11473E-02    0.14074E+04
    0.11705E-02    0.14333E+04
    0.11941E-02    0.14597E+04
    0.12182E-02    0.14865E+04
    0.12429E-02    0.15138E+04
    0.12680E-02    0.15415E+04
    0.12936E-02    0.15696E+04
    0.13197E-02    0.15983E+04
    0.13464E-02    0.16274E+04
    0.13736E-02    0.16569E+04
    0.14013E-02    0.16870E+04
    0.14296E-02    0.17175E+04
    0.14585E-02    0.17486E+04
    0.14880E-02    0.17801E+04
    0.15180E-02    0.18121E+04
    0.15487E-02    0.18447E+04
    0.15800E-02    0.18777E+04
    0.16119E-02    0.19113E+04
    0.16445E-02    0.19454E+04
    0.16777E-02    0.19800E+04
    0.17116E-02    0.20151E+04
    0.17462E-02    0.20508E+04
    0.17814E-02    0.20870E+04
    0.18174E-02    0.21237E+04
    0.18541E-02    0.21610E+04
    0.18916E-02    0.21988E+04
    0.19298E-02    0.22372E+04
    0.19688E-02    0.22762E+04
    0.20086E-02    0.23157E+04
    0.20491E-02    0.23558E+04
    0.20905E-02    0.23964E+04
    0.21328E-02    0.24376E+04
    0.21758E-02    0.24794E+04
    0.22198E-02    0.25217E+04
    0.22646E-02    0.25646E+04
    0.23104E-02    0.26081E+04
    0.23571E-02    0.26522E+04
    0.24047E-02    0.26969E+04
    0.24533E-02    0.27421E+04
    0.25028E-02    0.27879E+04
    0.25534E-02    0.28343E+04
    0.26050E-02    0.28812E+04
    0.26576E-02    0.29287E+04
    0.27113E-02    0.29768E+04
    0.27660E-02    0.30255E+04
    0.28219E-02    0.30748E+04
    0.28789E-02    0.31246E+04
    0.29371E-02    0.31750E+04
    0.29964E-02    0.32259E+04
    0.30569E-02    0.32774E+04
    0.31187E-02    0.33294E+04
    0.31817E-02    0.33820E+04
    0.32460E-02    0.34352E+04
    0.33115E-02    0.34888E+04
    0.33784E-02    0.35430E+04
    0.34467E-02    0.35978E+04
    0.35163E-02    0.36530E+04
    0.35874E-02    0.37087E+04
    0.36598E-02    0.37649E+04
    0.37338E-02    0.38216E+04
    0.38092E-02    0.38788E+04
    0.38861E-02    0.39364E+04
    0.39646E-02    0.39945E+04
    0.40447E-02    0.40530E+04
    0.41264E-02    0.41119E+04
    0.42098E-02    0.41713E+04
    0.42948E-02    0.42310E+04
    0.43816E-02    0.42911E+04
    0.44701E-02    0.43515E+04
    0.45604E-02    0.44123E+04
    0.46525E-02    0.44734E+04
    0.47465E-02    0.45348E+04
    0.48424E-02    0.45965E+04
    0.49402E-02    0.46584E+04
    0.50400E-02    0.47206E+04
    0.51419E-02    0.47829E+04
    0.52457E-02    0.48455E+04
    0.53517E-02    0.49082E+04
    0.54598E-02    0.49710E+04
    0.55701E-02    0.50339E+04
    0.56826E-02    0.50969E+04
    0.57974E-02    0.51599E+04
    0.59145E-02    0.52229E+04
    0.60340E-02    0.52858E+04
    0.61559E-02    0.53487E+04
    0.62803E-02    0.54115E+04
    0.64072E-02    0.54742E+04
    0.65366E-02    0.55367E+04
    0.66686E-02    0.55989E+04
    0.68033E-02    0.56609E+04
    0.69408E-02    0.57226E+04
    0.70810E-02    0.57839E+04
    0.72240E-02    0.58448E+04
    0.73700E-02    0.59053E+04
    0.75189E-02    0.59653E+04
    0.76708E-02    0.60248E+04
    0.78257E-02    0.60836E+04
    0.79838E-02    0.61418E+04
    0.81451E-02    0.61994E+04
    0.83096E-02    0.62561E+04
    0.84775E-02    0.63120E+04
    0.86488E-02    0.63671E+04
    0.88235E-02    0.64212E+04
    0.90017E-02    0.64743E+04
    0.91836E-02    0.65264E+04
    0.93691E-02    0.65773E+04
    0.95583E-02    0.66271E+04
    0.97514E-02    0.66756E+04
    0.99484E-02    0.67227E+04
    0.10149E-01    0.67685E+04
    0.10354E-01    0.68128E+04
    0.10564E-01    0.68555E+04
    0.10777E-01    0.68966E+04
    0.10995E-01    0.69361E+04
    0.11217E-01    0.69737E+04
    0.11443E-01    0.70095E+04
    0.11675E-01    0.70434E+04
    0.11910E-01    0.70753E+04
    0.12151E-01    0.71052E+04
    0.12397E-01    0.71328E+04
    0.12647E-01    0.71582E+04
    0.12902E-01    0.71814E+04
    0.13163E-01    0.72021E+04
    0.13429E-01    0.72203E+04
    0.13700E-01    0.72360E+04
    0.13977E-01    0.72491E+04
    0.14259E-01    0.72594E+04
    0.14547E-01    0.72670E+04
    0.14841E-01    0.72717E+04
    0.15141E-01    0.72735E+04
    0.15447E-01    0.72723E+04
    0.15759E-01    0.72680E+04
    0.16077E-01    0.72606E+04
    0.16402E-01    0.72501E+04
    0.16734E-01    0.72362E+04
    0.17072E-01    0.72191E+04
    0.17416E-01    0.71987E+04
    0.17768E-01    0.71748E+04
    0.18127E-01    0.71476E+04
    0.18493E-01    0.71169E+04
    0.18867E-01    0.70828E+04
    0.19248E-01    0.70451E+04
    0.19637E-01    0.70040E+04
    0.20034E-01    0.69593E+04
    0.20438E-01    0.69112E+04
    0.20851E-01    0.68597E+04
    0.21272E-01    0.68047E+04
    0.21702E-01    0.67463E+04
    0.22141E-01    0.66846E+04
    0.22588E-01    0.66196E+04
    0.23044E-01    0.65513E+04
    0.23510E-01    0.64800E+04
    0.23985E-01    0.64057E+04
    0.24469E-01    0.63285E+04
    0.24964E-01    0.62485E+04
    0.25468E-01    0.61659E+04
    0.25982E-01    0.60808E+04
    0.26507E-01    0.59934E+04
    0.27043E-01    0.59037E+04
    0.27589E-01    0.58121E+04
    0.28146E-01    0.57189E+04
    0.28715E-01    0.56243E+04
    0.29295E-01    0.55285E+04
    0.29887E-01    0.54316E+04
    0.30490E-01    0.53338E+04
    0.31106E-01    0.52350E+04
    0.31735E-01    0.51354E+04
    0.32376E-01    0.50351E+04
    0.33030E-01    0.49348E+04
    0.33697E-01    0.48346E+04
    0.34378E-01    0.47351E+04
    0.35072E-01    0.46365E+04
    0.35781E-01    0.45392E+04
    0.36504E-01    0.44435E+04
    0.37241E-01    0.43498E+04
    0.37993E-01    0.42581E+04
    0.38761E-01    0.41689E+04
    0.39544E-01    0.40822E+04
    0.40343E-01    0.39982E+04
    0.41158E-01    0.39171E+04
    0.41989E-01    0.38389E+04
    0.42838E-01    0.37638E+04
    0.43703E-01    0.36917E+04
    0.44586E-01    0.36228E+04
    0.45486E-01    0.35569E+04
    0.46405E-01    0.34940E+04
    0.47343E-01    0.34340E+04
    0.48299E-01    0.33770E+04
    0.49275E-01    0.33227E+04
    0.50270E-01    0.32710E+04
    0.51286E-01    0.32218E+04
    0.52322E-01    0.31750E+04
    0.53379E-01    0.31302E+04
    0.54457E-01    0.30872E+04
    0.55557E-01    0.30457E+04
    0.56680E-01    0.30052E+04
    0.57825E-01    0.29655E+04
    0.58993E-01    0.29258E+04
    0.60184E-01    0.28856E+04
    0.61400E-01    0.28444E+04
    0.62641E-01    0.28015E+04
    0.63906E-01    0.27567E+04
    0.65197E-01    0.27094E+04
    0.66514E-01    0.26592E+04
    0.67858E-01    0.26062E+04
    0.69229E-01    0.25502E+04
    0.70627E-01    0.24916E+04
    0.72054E-01    0.24303E+04
    0.73510E-01    0.23663E+04
    0.74994E-01    0.22994E+04
    0.76509E-01    0.22298E+04
    0.78055E-01    0.21578E+04
    0.79632E-01    0.20839E+04
    0.81241E-01    0.20088E+04
    0.82882E-01    0.19333E+04
    0.84556E-01    0.18585E+04
    0.86264E-01    0.17853E+04
    0.88007E-01    0.17146E+04
    0.89785E-01    0.16471E+04
    0.91598E-01    0.15836E+04
    0.93449E-01    0.15244E+04
    0.95337E-01    0.14700E+04
    0.97263E-01    0.14203E+04
    0.99227E-01    0.13756E+04
    0.10123E+00    0.13356E+04
    0.10328E+00    0.13002E+04
    0.10536E+00    0.12692E+04
    0.10749E+00    0.12421E+04
    0.10966E+00    0.12182E+04
    0.11188E+00    0.11969E+04
    0.11414E+00    0.11769E+04
    0.11644E+00    0.11573E+04
    0.11880E+00    0.11370E+04
    0.12120E+00    0.11149E+04
    0.12365E+00    0.10905E+04
    0.12614E+00    0.10632E+04
    0.12869E+00    0.10328E+04
    0.13129E+00    0.99940E+03
    0.13394E+00    0.96317E+03
    0.13665E+00    0.92468E+03
    0.13941E+00    0.88470E+03
    0.14223E+00    0.84425E+03
    0.14510E+00    0.80441E+03
    0.14803E+00    0.76636E+03
    0.15102E+00    0.73114E+03
    0.15407E+00    0.69954E+03
    0.15718E+00    0.67197E+03
    0.16036E+00    0.64850E+03
    0.16360E+00    0.62885E+03
    0.16690E+00    0.61243E+03
    0.17028E+00    0.59840E+03
    0.17371E+00    0.58571E+03
    0.17722E+00    0.57334E+03
    0.18080E+00    0.56031E+03
    0.18446E+00    0.54579E+03
    0.18818E+00    0.52918E+03
    0.19198E+00    0.51034E+03
    0.19586E+00    0.48959E+03
    0.19982E+00    0.46767E+03
    0.20386E+00    0.44551E+03
    0.20797E+00    0.42406E+03
    0.21218E+00    0.40413E+03
    0.21646E+00    0.38641E+03
    0.22083E+00    0.37134E+03
    0.22530E+00    0.35869E+03
    0.22985E+00    0.34799E+03
    0.23449E+00    0.33846E+03
    0.23923E+00    0.32928E+03
    0.24406E+00    0.31970E+03
    0.24899E+00    0.30917E+03
    0.25402E+00    0.29757E+03
    0.25915E+00    0.28503E+03
    0.26439E+00    0.27214E+03
    0.26973E+00    0.25951E+03
    0.27518E+00    0.24778E+03
    0.28074E+00    0.23734E+03
    0.28641E+00    0.22828E+03
    0.29219E+00    0.22042E+03
    0.29810E+00    0.21320E+03
    0.30412E+00    0.20613E+03
    0.31026E+00    0.19881E+03
    0.31653E+00    0.19105E+03
    0.32292E+00    0.18300E+03
    0.32945E+00    0.17490E+03
    0.33610E+00    0.16718E+03
    0.34289E+00    0.16009E+03
    0.34982E+00    0.15373E+03
    0.35689E+00    0.14798E+03
    0.36409E+00    0.14252E+03
    0.37145E+00    0.13712E+03
    0.37895E+00    0.13163E+03
    0.38661E+00    0.12608E+03
    0.39442E+00    0.12064E+03
    0.40239E+00    0.11546E+03
    0.41052E+00    0.11067E+03
    0.41881E+00    0.10624E+03
    0.42727E+00    0.10199E+03
    0.43590E+00    0.97865E+02
    0.44471E+00    0.93861E+02
    0.45369E+00    0.89982E+02
    0.46286E+00    0.86231E+02
    0.47221E+00    0.82610E+02
    0.48174E+00    0.79119E+02
    0.49148E+00    0.75758E+02
    0.50141E+00    0.72527E+02
    0.51153E+00    0.69425E+02
    0.52187E+00    0.66451E+02
    0.53241E+00    0.63602E+02
    0.54317E+00    0.60875E+02
    0.55414E+00    0.58264E+02
    0.56533E+00    0.55764E+02
    0.57675E+00    0.53368E+02
    0.58840E+00    0.51073E+02
    0.60029E+00    0.48874E+02
    0.61242E+00    0.46765E+02
    0.62479E+00    0.44744E+02
    0.63741E+00    0.42805E+02
    0.65029E+00    0.40946E+02
    0.66342E+00    0.39163E+02
    0.67683E+00    0.37452E+02
    0.69050E+00    0.35812E+02
    0.70445E+00    0.34239E+02
    0.71868E+00    0.32732E+02
    0.73320E+00    0.31288E+02
    0.74801E+00    0.29904E+02
    0.76312E+00    0.28578E+02
    0.77854E+00    0.27308E+02
    0.79426E+00    0.26092E+02
    0.81031E+00    0.24928E+02
    0.82668E+00    0.23814E+02
    0.84338E+00    0.22748E+02
    0.86041E+00    0.21728E+02
    0.87780E+00    0.20752E+02
    0.89553E+00    0.19818E+02
    0.91362E+00    0.18925E+02
    0.93208E+00    0.18070E+02
    0.95091E+00    0.17253E+02
    0.97011E+00    0.16471E+02
    0.98971E+00    0.15723E+02
    0.10097E+01    0.15008E+02
    0.10301E+01    0.14324E+02
    0.10509E+01    0.13670E+02
    0.10721E+01    0.13045E+02
    0.10938E+01    0.12448E+02
    0.11159E+01    0.11877E+02
    0.11384E+01    0.11331E+02
    0.11614E+01    0.10810E+02
    0.11849E+01    0.10311E+02
    0.12088E+01    0.98352E+01
    0.12333E+01    0.93804E+01
    0.12582E+01    0.89459E+01
    0.12836E+01    0.85309E+01
    0.13095E+01    0.81346E+01
    0.13360E+01    0.77562E+01
    0.13630E+01    0.73948E+01
    0.13905E+01    0.70497E+01
    0.14186E+01    0.67203E+01
    0.14472E+01    0.64059E+01
    0.14765E+01    0.61057E+01
    0.15063E+01    0.58192E+01
    0.15367E+01    0.55458E+01
    0.15678E+01    0.52848E+01
    0.15994E+01    0.50358E+01
    0.16318E+01    0.47982E+01
    0.16647E+01    0.45715E+01
    0.16984E+01    0.43552E+01
    0.17327E+01    0.41489E+01
    0.17677E+01    0.39521E+01
    0.18034E+01    0.37645E+01
    0.18398E+01    0.35854E+01
    0.18770E+01    0.34147E+01
    0.19149E+01    0.32520E+01
    0.19536E+01    0.30967E+01
    0.19930E+01    0.29488E+01
    0.20333E+01    0.28077E+01
    0.20744E+01    0.26732E+01
    0.21163E+01    0.25450E+01
    0.21590E+01    0.24228E+01
    0.22026E+01    0.23063E+01
    0.22471E+01    0.21953E+01
    0.22925E+01    0.20895E+01
    0.23388E+01    0.19888E+01
    0.23861E+01    0.18927E+01
    0.24343E+01    0.18012E+01
    0.24835E+01    0.17141E+01
    0.25336E+01    0.16310E+01
    0.25848E+01    0.15519E+01
    0.26370E+01    0.14766E+01
    0.26903E+01    0.14048E+01
    0.27447E+01    0.13365E+01
    0.28001E+01    0.12714E+01
    0.28567E+01    0.12094E+01
    0.29144E+01    0.11504E+01
    0.29733E+01    0.10942E+01
    0.30333E+01    0.10407E+01
    0.30946E+01    0.98972E+00
    0.31571E+01    0.94123E+00
    0.32209E+01    0.89507E+00
    0.32860E+01    0.85113E+00
    0.33523E+01    0.80931E+00
    0.34201E+01    0.76951E+00
    0.34892E+01    0.73163E+00
    0.35596E+01    0.69558E+00
    0.36316E+01    0.66127E+00
    0.37049E+01    0.62863E+00
    0.37798E+01    0.59757E+00
    0.38561E+01    0.56802E+00
    0.39340E+01    0.53990E+00
    0.40135E+01    0.51316E+00
    0.40946E+01    0.48771E+00
    0.41773E+01    0.46351E+00
    0.42617E+01    0.44049E+00
    0.43478E+01    0.41859E+00
    0.44356E+01    0.39777E+00
    0.45252E+01    0.37796E+00
    0.46166E+01    0.35913E+00
    0.47099E+01    0.34122E+00
    0.48050E+01    0.32418E+00
    0.49021E+01    0.30799E+00
    0.50011E+01    0.29259E+00
    0.51021E+01    0.27795E+00
    0.52052E+01    0.26404E+00
    0.53104E+01    0.25080E+00
    0.54176E+01    0.23823E+00
    0.55271E+01    0.22627E+00
    0.56387E+01    0.21491E+00
    0.57526E+01    0.20411E+00
    0.58689E+01    0.19384E+00
    0.59874E+01    0.18408E+00
    0.61084E+01    0.17481E+00
    0.62318E+01    0.16600E+00
    0.63577E+01    0.15762E+00
    0.64861E+01    0.14966E+00
    0.66171E+01    0.14210E+00
    0.67508E+01    0.13492E+00
    0.68872E+01    0.12809E+00
    0.70263E+01    0.12161E+00
    0.71682E+01    0.11545E+00
    0.73130E+01    0.10959E+00
    0.74608E+01    0.10404E+00
    0.76115E+01    0.98755E-01
    0.77653E+01    0.93740E-01
    0.79221E+01    0.88976E-01
    0.80822E+01    0.84451E-01
    0.82454E+01    0.80154E-01
    0.84120E+01    0.76072E-01
    0.85819E+01    0.72196E-01
    0.87553E+01    0.68514E-01
    0.89322E+01    0.65018E-01
    0.91126E+01    0.61698E-01
    0.92967E+01    0.58545E-01
    0.94845E+01    0.55551E-01
    0.96761E+01    0.52708E-01
    0.98716E+01    0.50009E-01
    0.10071E+02    0.47446E-01
    0.10274E+02    0.45013E-01
    0.10482E+02    0.42704E-01
    0.10694E+02    0.40512E-01
    0.10910E+02    0.38432E-01
    0.11130E+02    0.36459E-01
    0.11355E+02    0.34586E-01
    0.11584E+02    0.32809E-01
    0.11818E+02    0.31124E-01
